53,54,57,64
None
72,58,79,60
99,92,114,114
118,111,128,136
130,145,139,156
None
112,121,121,131
62,64,72,76
46,53,56,63
98,101,104,107
None
59,54,64,59
43,41,54,59
31,31,60,61
80,77,100,87
None
58,63,85,73
158,141,210,175
83,85,87,88
39,39,52,52
139,139,198,198
68,80,89,95
78,85,94,103
67,53,77,72
86,86,88,88
None
52,52,68,68
40,40,42,42
78,92,116,138
73,71,78,79
67,60,77,72
92,90,95,94
96,89,109,95
116,103,118,106
78,69,89,89
49,46,56,58
66,66,69,69
63,59,90,79
78,86,80,88
58,77,65,102
29,29,31,31
None
70,72,77,80
90,91,111,106
None
53,46,73,58
None
92,98,98,104
35,35,49,49
66,66,86,86
124,112,126,115
84,84,86,86
95,86,97,96
84,84,95,95
84,84,95,95
121,121,136,136
146,136,175,168
60,52,66,66
34,34,43,43
95,72,154,79
115,123,125,134
None
57,57,60,75
70,72,79,79
None
66,67,78,74
145,139,190,165
54,54,66,66
71,79,82,87
63,63,92,92
56,61,73,72
104,96,123,104
None
78,67,168,145
64,82,82,87
59,59,65,63
None
66,68,72,74
87,95,97,98
105,92,107,112
50,50,93,83
43,43,76,76
60,63,62,68
146,78,203,171
75,85,75,85
None
101,106,106,112
None
78,73,98,104
80,80,96,88
72,84,85,94
123,122,128,125
74,83,98,112
97,97,102,102
136,133,149,136
53,53,82,82
73,72,78,79
90,86,96,96
None
None
None
88,79,90,84
86,79,91,86
None
128,160,133,171
61,61,79,79
140,174,200,214
88,72,90,80
95,95,100,100
78,85,80,87
41,52,56,56
53,53,87,87
53,53,71,71
80,80,119,119
58,58,76,76
64,87,68,98
67,70,72,72
69,84,74,87
64,77,69,87
None
161,161,171,171
65,73,79,78
63,63,66,66
33,33,35,35
62,67,65,70
48,54,65,71
53,54,56,56